period,orders,avg_item_value,avg_order_value,total_items
Pre Promo,266,61.5,84.62,366
During Promo,297,54.63,78.73,428
Post Promo,246,61.43,82.66,331

cohort_month,cohort_size,period_number,customers_in_period,retention_rate
2019-02,3,0,3,100
2019-03,8,0,8,100
2019-03,8,4,1,12.5
2019-04,13,0,13,100
2019-04,13,10,1,7.69
2019-04,13,12,1,7.69
2019-05,30,0,30,100
2019-05,30,1,1,3.33
2019-05,30,8,1,3.33
2019-06,33,0,33,100
2019-06,33,2,1,3.03
2019-07,34,0,34,100
2019-07,34,4,1,2.94
2019-07,34,9,1,2.94
2019-08,41,0,41,100
2019-08,41,1,1,2.44
2019-08,41,6,1,2.44
2019-08,41,11,1,2.44
2019-09,31,0,31,100
2019-09,31,1,1,3.23
2019-09,31,9,1,3.23
2019-10,46,0,46,100
2019-10,46,1,2,4.35
2019-10,46,2,1,2.17
2019-10,46,4,1,2.17
2019-10,46,10,1,2.17
2019-11,61,0,61,100
2019-11,61,1,2,3.28
2019-11,61,4,1,1.64
2019-11,61,10,1,1.64
2019-11,61,11,1,1.64
2019-11,61,12,1,1.64
2019-12,74,0,74,100
2019-12,74,1,1,1.35
2020-01,69,0,69,100
2020-01,69,1,2,2.9
2020-01,69,3,1,1.45
2020-01,69,4,1,1.45
2020-02,72,0,72,100
2020-02,72,1,1,1.39
2020-02,72,8,1,1.39
2020-02,72,11,1,1.39
2020-02,72,12,1,1.39
2020-03,74,0,74,100
2020-03,74,1,3,4.05
2020-03,74,2,1,1.35
2020-03,74,5,1,1.35
2020-04,68,0,68,100
2020-04,68,1,1,1.47
2020-04,68,3,2,2.94
2020-04,68,4,1,1.47
2020-04,68,8,1,1.47
2020-05,96,0,96,100
2020-05,96,1,3,3.13
2020-05,96,7,1,1.04
2020-06,85,0,85,100
2020-06,85,1,1,1.18
2020-06,85,6,1,1.18
2020-07,101,0,101,100
2020-07,101,1,4,3.96
2020-07,101,2,1,0.99
2020-07,101,3,1,0.99
2020-07,101,6,1,0.99
2020-08,117,0,117,100
2020-08,117,1,2,1.71
2020-08,117,3,1,0.85
2020-08,117,6,1,0.85
2020-08,117,8,2,1.71
2020-09,117,0,117,100
2020-09,117,1,1,0.85
2020-09,117,2,1,0.85
2020-09,117,6,1,0.85
2020-09,117,7,1,0.85
2020-09,117,8,1,0.85
2020-09,117,11,1,0.85
2020-10,124,0,124,100
2020-10,124,1,2,1.61
2020-10,124,3,1,0.81
2020-10,124,4,1,0.81
2020-10,124,8,1,0.81
2020-10,124,10,1,0.81
2020-10,124,11,1,0.81
2020-11,121,0,121,100
2020-11,121,1,2,1.65
2020-11,121,2,1,0.83
2020-11,121,3,1,0.83
2020-11,121,11,2,1.65
2020-12,131,0,131,100
2020-12,131,1,2,1.53
2020-12,131,2,1,0.76
2020-12,131,3,1,0.76
2020-12,131,5,2,1.53
2020-12,131,7,1,0.76
2020-12,131,11,1,0.76
2021-01,124,0,124,100
2021-01,124,1,3,2.42
2021-01,124,2,1,0.81
2021-01,124,6,1,0.81
2021-01,124,7,2,1.61
2021-01,124,8,1,0.81
2021-01,124,9,3,2.42
2021-01,124,10,1,0.81
2021-01,124,11,1,0.81
2021-01,124,12,1,0.81
2021-02,127,0,127,100
2021-02,127,1,3,2.36
2021-02,127,3,1,0.79
2021-02,127,9,1,0.79
2021-02,127,11,1,0.79
2021-03,137,0,137,100
2021-03,137,1,2,1.46
2021-03,137,5,1,0.73
2021-03,137,9,1,0.73
2021-03,137,10,1,0.73
2021-04,150,0,150,100
2021-04,150,1,6,4
2021-04,150,2,1,0.67
2021-04,150,3,1,0.67
2021-04,150,6,1,0.67
2021-04,150,7,1,0.67
2021-04,150,9,1,0.67
2021-05,159,0,159,100
2021-05,159,1,5,3.14
2021-05,159,3,1,0.63
2021-05,159,4,1,0.63
2021-05,159,6,1,0.63
2021-05,159,7,2,1.26
2021-05,159,8,2,1.26
2021-05,159,9,1,0.63
2021-05,159,12,1,0.63
2021-06,142,0,142,100
2021-06,142,1,4,2.82
2021-06,142,3,1,0.7
2021-06,142,5,1,0.7
2021-06,142,6,2,1.41
2021-06,142,7,2,1.41
2021-06,142,8,1,0.7
2021-06,142,10,1,0.7
2021-06,142,12,1,0.7
2021-07,175,0,175,100
2021-07,175,1,2,1.14
2021-07,175,3,1,0.57
2021-07,175,5,1,0.57
2021-07,175,6,3,1.71
2021-07,175,10,1,0.57
2021-08,202,0,202,100
2021-08,202,1,5,2.48
2021-08,202,5,1,0.5
2021-08,202,6,2,0.99
2021-08,202,7,2,0.99
2021-08,202,9,1,0.5
2021-08,202,11,1,0.5
2021-09,198,0,198,100
2021-09,198,1,8,4.04
2021-09,198,2,2,1.01
2021-09,198,4,2,1.01
2021-09,198,7,2,1.01
2021-09,198,8,3,1.52
2021-09,198,10,1,0.51
2021-10,221,0,221,100
2021-10,221,1,6,2.71
2021-10,221,4,1,0.45
2021-10,221,5,2,0.9
2021-10,221,8,1,0.45
2021-10,221,10,1,0.45
2021-11,189,0,189,100
2021-11,189,1,4,2.12
2021-11,189,3,1,0.53
2021-11,189,4,1,0.53
2021-11,189,7,2,1.06
2021-11,189,8,3,1.59
2021-11,189,9,1,0.53
2021-11,189,10,2,1.06
2021-11,189,11,2,1.06
2021-11,189,12,2,1.06
2021-12,210,0,210,100
2021-12,210,1,6,2.86
2021-12,210,4,1,0.48
2021-12,210,5,1,0.48
2021-12,210,6,1,0.48
2021-12,210,8,2,0.95
2021-12,210,10,1,0.48
2021-12,210,11,1,0.48
2022-01,209,0,209,100
2022-01,209,1,6,2.87
2022-01,209,5,2,0.96
2022-01,209,6,2,0.96
2022-01,209,7,1,0.48
2022-01,209,8,2,0.96
2022-01,209,9,1,0.48
2022-01,209,10,1,0.48
2022-01,209,12,1,0.48
2022-02,232,0,232,100
2022-02,232,1,8,3.45
2022-02,232,2,1,0.43
2022-02,232,4,3,1.29
2022-02,232,5,1,0.43
2022-02,232,8,2,0.86
2022-02,232,9,1,0.43
2022-02,232,10,2,0.86
2022-02,232,11,2,0.86
2022-02,232,12,1,0.43
2022-03,229,0,229,100
2022-03,229,1,8,3.49
2022-03,229,2,1,0.44
2022-03,229,3,1,0.44
2022-03,229,4,1,0.44
2022-03,229,5,1,0.44
2022-03,229,7,1,0.44
2022-03,229,10,1,0.44
2022-03,229,12,1,0.44
2022-04,235,0,235,100
2022-04,235,1,9,3.83
2022-04,235,3,2,0.85
2022-04,235,4,2,0.85
2022-04,235,5,4,1.7
2022-04,235,6,4,1.7
2022-04,235,7,2,0.85
2022-04,235,8,2,0.85
2022-04,235,9,2,0.85
2022-04,235,11,2,0.85
2022-05,261,0,261,100
2022-05,261,1,6,2.3
2022-05,261,2,4,1.53
2022-05,261,3,1,0.38
2022-05,261,7,2,0.77
2022-05,261,8,1,0.38
2022-05,261,9,1,0.38
2022-05,261,11,2,0.77
2022-06,245,0,245,100
2022-06,245,1,5,2.04
2022-06,245,2,2,0.82
2022-06,245,3,1,0.41
2022-06,245,4,1,0.41
2022-06,245,6,1,0.41
2022-06,245,8,1,0.41
2022-06,245,9,2,0.82
2022-06,245,11,2,0.82
2022-06,245,12,2,0.82
2022-07,252,0,252,100
2022-07,252,1,11,4.37
2022-07,252,3,2,0.79
2022-07,252,4,1,0.4
2022-07,252,5,2,0.79
2022-07,252,6,1,0.4
2022-07,252,7,2,0.79
2022-07,252,8,2,0.79
2022-07,252,10,1,0.4
2022-07,252,11,1,0.4
2022-07,252,12,1,0.4
2022-08,277,0,277,100
2022-08,277,1,4,1.44
2022-08,277,2,1,0.36
2022-08,277,3,1,0.36
2022-08,277,5,1,0.36
2022-08,277,6,1,0.36
2022-08,277,7,4,1.44
2022-08,277,8,2,0.72
2022-08,277,12,1,0.36
2022-09,253,0,253,100
2022-09,253,1,6,2.37
2022-09,253,2,1,0.4
2022-09,253,4,1,0.4
2022-09,253,7,1,0.4
2022-09,253,9,1,0.4
2022-09,253,10,1,0.4
2022-09,253,11,1,0.4
2022-10,274,0,274,100
2022-10,274,1,9,3.28
2022-10,274,2,2,0.73
2022-10,274,3,1,0.36
2022-10,274,4,1,0.36
2022-10,274,5,1,0.36
2022-10,274,7,2,0.73
2022-10,274,8,2,0.73
2022-10,274,9,3,1.09
2022-10,274,10,2,0.73
2022-10,274,11,1,0.36
2022-10,274,12,7,2.55
2022-11,311,0,311,100
2022-11,311,1,13,4.18
2022-11,311,3,1,0.32
2022-11,311,4,1,0.32
2022-11,311,5,3,0.96
2022-11,311,6,4,1.29
2022-11,311,7,4,1.29
2022-11,311,8,3,0.96
2022-11,311,9,2,0.64
2022-11,311,10,2,0.64
2022-11,311,12,4,1.29
2022-12,336,0,336,100
2022-12,336,1,9,2.68
2022-12,336,3,1,0.3
2022-12,336,6,1,0.3
2022-12,336,7,2,0.6
2022-12,336,8,2,0.6
2022-12,336,9,1,0.3
2022-12,336,10,2,0.6
2022-12,336,11,1,0.3
2023-01,368,0,368,100
2023-01,368,1,6,1.63
2023-01,368,2,2,0.54
2023-01,368,3,2,0.54
2023-01,368,4,2,0.54
2023-01,368,6,3,0.82
2023-01,368,7,4,1.09
2023-01,368,9,5,1.36
2023-01,368,10,1,0.27
2023-01,368,11,2,0.54
2023-01,368,12,1,0.27
2023-02,299,0,299,100
2023-02,299,1,5,1.67
2023-02,299,2,4,1.34
2023-02,299,3,2,0.67
2023-02,299,4,4,1.34
2023-02,299,6,4,1.34
2023-02,299,7,3,1
2023-02,299,8,5,1.67
2023-02,299,9,1,0.33
2023-02,299,10,2,0.67
2023-02,299,11,3,1
2023-02,299,12,3,1
2023-03,351,0,351,100
2023-03,351,1,14,3.99
2023-03,351,2,4,1.14
2023-03,351,3,4,1.14
2023-03,351,4,1,0.28
2023-03,351,5,4,1.14
2023-03,351,6,1,0.28
2023-03,351,7,4,1.14
2023-03,351,8,2,0.57
2023-03,351,10,5,1.42
2023-03,351,11,1,0.28
2023-03,351,12,2,0.57
2023-04,351,0,351,100
2023-04,351,1,10,2.85
2023-04,351,2,2,0.57
2023-04,351,4,3,0.85
2023-04,351,6,3,0.85
2023-04,351,7,3,0.85
2023-04,351,8,2,0.57
2023-04,351,9,1,0.28
2023-04,351,10,1,0.28
2023-04,351,11,2,0.57
2023-04,351,12,2,0.57
2023-05,376,0,376,100
2023-05,376,1,9,2.39
2023-05,376,2,4,1.06
2023-05,376,3,3,0.8
2023-05,376,5,4,1.06
2023-05,376,6,3,0.8
2023-05,376,7,1,0.27
2023-05,376,8,5,1.33
2023-05,376,9,3,0.8
2023-05,376,10,1,0.27
2023-05,376,11,5,1.33
2023-05,376,12,1,0.27
2023-06,370,0,370,100
2023-06,370,1,8,2.16
2023-06,370,2,2,0.54
2023-06,370,4,2,0.54
2023-06,370,5,2,0.54
2023-06,370,7,6,1.62
2023-06,370,8,4,1.08
2023-06,370,9,3,0.81
2023-06,370,10,4,1.08
2023-06,370,11,4,1.08
2023-06,370,12,3,0.81
2023-07,409,0,409,100
2023-07,409,1,12,2.93
2023-07,409,2,2,0.49
2023-07,409,3,3,0.73
2023-07,409,4,1,0.24
2023-07,409,5,1,0.24
2023-07,409,6,3,0.73
2023-07,409,7,1,0.24
2023-07,409,8,4,0.98
2023-07,409,9,4,0.98
2023-07,409,10,3,0.73
2023-07,409,11,5,1.22
2023-07,409,12,3,0.73
2023-08,427,0,427,100
2023-08,427,1,16,3.75
2023-08,427,2,1,0.23
2023-08,427,3,2,0.47
2023-08,427,4,1,0.23
2023-08,427,5,4,0.94
2023-08,427,6,4,0.94
2023-08,427,7,1,0.23
2023-08,427,8,4,0.94
2023-08,427,9,1,0.23
2023-08,427,10,3,0.7
2023-08,427,11,1,0.23
2023-08,427,12,4,0.94
2023-09,411,0,411,100
2023-09,411,1,11,2.68
2023-09,411,2,1,0.24
2023-09,411,3,2,0.49
2023-09,411,4,3,0.73
2023-09,411,5,4,0.97
2023-09,411,6,1,0.24
2023-09,411,7,3,0.73
2023-09,411,8,2,0.49
2023-09,411,9,3,0.73
2023-09,411,10,1,0.24
2023-09,411,11,2,0.49
2023-09,411,12,2,0.49
2023-10,440,0,440,100
2023-10,440,1,12,2.73
2023-10,440,2,3,0.68
2023-10,440,3,5,1.14
2023-10,440,4,3,0.68
2023-10,440,6,4,0.91
2023-10,440,7,2,0.45
2023-10,440,8,5,1.14
2023-10,440,9,1,0.23
2023-10,440,10,1,0.23
2023-10,440,11,5,1.14
2023-10,440,12,5,1.14
2023-11,485,0,485,100
2023-11,485,1,18,3.71
2023-11,485,2,5,1.03
2023-11,485,3,3,0.62
2023-11,485,4,2,0.41
2023-11,485,5,3,0.62
2023-11,485,7,4,0.82
2023-11,485,8,2,0.41
2023-11,485,9,5,1.03
2023-11,485,10,4,0.82
2023-11,485,11,3,0.62
2023-11,485,12,3,0.62
2023-12,440,0,440,100
2023-12,440,1,7,1.59
2023-12,440,2,3,0.68
2023-12,440,3,5,1.14
2023-12,440,4,3,0.68
2023-12,440,5,3,0.68
2023-12,440,6,2,0.45
2023-12,440,7,5,1.14
2023-12,440,8,6,1.36
2023-12,440,9,3,0.68
2023-12,440,10,3,0.68
2023-12,440,11,4,0.91
2023-12,440,12,4,0.91
2024-01,449,0,449,100
2024-01,449,1,13,2.9
2024-01,449,3,3,0.67
2024-01,449,4,4,0.89
2024-01,449,5,2,0.45
2024-01,449,6,4,0.89
2024-01,449,7,2,0.45
2024-01,449,8,4,0.89
2024-01,449,9,3,0.67
2024-01,449,10,5,1.11
2024-01,449,11,4,0.89
2024-01,449,12,5,1.11
2024-02,447,0,447,100
2024-02,447,1,9,2.01
2024-02,447,2,8,1.79
2024-02,447,3,3,0.67
2024-02,447,4,4,0.89
2024-02,447,5,4,0.89
2024-02,447,6,3,0.67
2024-02,447,7,2,0.45
2024-02,447,8,2,0.45
2024-02,447,9,5,1.12
2024-02,447,10,3,0.67
2024-02,447,11,5,1.12
2024-02,447,12,1,0.22
2024-03,533,0,533,100
2024-03,533,1,13,2.44
2024-03,533,2,4,0.75
2024-03,533,3,5,0.94
2024-03,533,4,4,0.75
2024-03,533,5,3,0.56
2024-03,533,7,6,1.13
2024-03,533,8,4,0.75
2024-03,533,9,3,0.56
2024-03,533,10,3,0.56
2024-03,533,11,1,0.19
2024-03,533,12,7,1.31
2024-04,526,0,526,100
2024-04,526,1,11,2.09
2024-04,526,2,7,1.33
2024-04,526,3,3,0.57
2024-04,526,4,3,0.57
2024-04,526,5,4,0.76
2024-04,526,6,6,1.14
2024-04,526,7,3,0.57
2024-04,526,8,1,0.19
2024-04,526,9,8,1.52
2024-04,526,10,4,0.76
2024-04,526,11,7,1.33
2024-04,526,12,4,0.76
2024-05,545,0,545,100
2024-05,545,1,23,4.22
2024-05,545,2,3,0.55
2024-05,545,3,2,0.37
2024-05,545,4,2,0.37
2024-05,545,5,3,0.55
2024-05,545,6,6,1.1
2024-05,545,7,6,1.1
2024-05,545,8,6,1.1
2024-05,545,9,6,1.1
2024-05,545,10,5,0.92
2024-05,545,11,2,0.37
2024-05,545,12,6,1.1
2024-06,567,0,567,100
2024-06,567,1,20,3.53
2024-06,567,2,4,0.71
2024-06,567,3,5,0.88
2024-06,567,4,3,0.53
2024-06,567,5,3,0.53
2024-06,567,6,5,0.88
2024-06,567,7,9,1.59
2024-06,567,8,5,0.88
2024-06,567,9,5,0.88
2024-06,567,10,7,1.23
2024-06,567,11,3,0.53
2024-06,567,12,4,0.71
2024-07,575,0,575,100
2024-07,575,1,23,4
2024-07,575,2,9,1.57
2024-07,575,3,6,1.04
2024-07,575,4,4,0.7
2024-07,575,5,3,0.52
2024-07,575,6,3,0.52
2024-07,575,7,5,0.87
2024-07,575,8,4,0.7
2024-07,575,9,6,1.04
2024-07,575,10,5,0.87
2024-07,575,11,7,1.22
2024-07,575,12,6,1.04
2024-08,648,0,648,100
2024-08,648,1,12,1.85
2024-08,648,2,3,0.46
2024-08,648,3,11,1.7
2024-08,648,4,8,1.23
2024-08,648,5,5,0.77
2024-08,648,6,5,0.77
2024-08,648,7,10,1.54
2024-08,648,8,9,1.39
2024-08,648,9,8,1.23
2024-08,648,10,9,1.39
2024-08,648,11,7,1.08
2024-08,648,12,19,2.93
2024-09,666,0,666,100
2024-09,666,1,15,2.25
2024-09,666,2,3,0.45
2024-09,666,3,5,0.75
2024-09,666,4,4,0.6
2024-09,666,5,5,0.75
2024-09,666,6,4,0.6
2024-09,666,7,6,0.9
2024-09,666,8,8,1.2
2024-09,666,9,5,0.75
2024-09,666,10,8,1.2
2024-09,666,11,5,0.75
2024-10,718,0,718,100
2024-10,718,1,26,3.62
2024-10,718,2,5,0.7
2024-10,718,3,5,0.7
2024-10,718,4,9,1.25
2024-10,718,5,7,0.97
2024-10,718,6,10,1.39
2024-10,718,7,5,0.7
2024-10,718,8,8,1.11
2024-10,718,9,8,1.11
2024-10,718,10,10,1.39
2024-11,697,0,697,100
2024-11,697,1,20,2.87
2024-11,697,2,12,1.72
2024-11,697,3,7,1
2024-11,697,4,4,0.57
2024-11,697,5,6,0.86
2024-11,697,6,7,1
2024-11,697,7,6,0.86
2024-11,697,8,11,1.58
2024-11,697,9,8,1.15
2024-12,772,0,772,100
2024-12,772,1,25,3.24
2024-12,772,2,7,0.91
2024-12,772,3,11,1.42
2024-12,772,4,8,1.04
2024-12,772,5,10,1.3
2024-12,772,6,10,1.3
2024-12,772,7,11,1.42
2024-12,772,8,7,0.91
2024-12,772,9,1,0.13
2025-01,766,0,766,100
2025-01,766,1,13,1.7
2025-01,766,2,22,2.87
2025-01,766,3,6,0.78
2025-01,766,4,9,1.17
2025-01,766,5,12,1.57
2025-01,766,6,13,1.7
2025-01,766,7,12,1.57
2025-01,766,8,2,0.26
2025-02,786,0,786,100
2025-02,786,1,27,3.44
2025-02,786,2,10,1.27
2025-02,786,3,13,1.65
2025-02,786,4,11,1.4
2025-02,786,5,14,1.78
2025-02,786,6,17,2.16
2025-03,851,0,851,100
2025-03,851,1,34,4
2025-03,851,2,20,2.35
2025-03,851,3,18,2.12
2025-03,851,4,11,1.29
2025-03,851,5,16,1.88
2025-04,903,0,903,100
2025-04,903,1,35,3.88
2025-04,903,2,15,1.66
2025-04,903,3,17,1.88
2025-04,903,4,19,2.1
2025-04,903,5,1,0.11
2025-05,994,0,994,100
2025-05,994,1,42,4.23
2025-05,994,2,22,2.21
2025-05,994,3,27,2.72
2025-06,1076,0,1076,100
2025-06,1076,1,54,5.02
2025-06,1076,2,38,3.53
2025-07,1285,0,1285,100

month,revenue,orders,avg_order_value
2019-02,492.47,3,164.16
2019-03,345.38,8,43.17
2019-04,1261,13,97
2019-05,2220.16,30,74.01
2019-06,2946.88,34,86.67
2019-07,2266.39,35,64.75
2019-08,3515.35,42,83.7
2019-09,2065.15,32,64.54
2019-10,3812.13,47,81.11
2019-11,4964.65,65,76.38
2019-12,6098.68,77,79.2
2020-01,5926.4,71,83.47
2020-02,8494.59,77,110.32
2020-03,7548.27,76,99.32
2020-04,5241.69,74,70.83
2020-05,7462.05,99,75.37
2020-06,6253.35,89,70.26
2020-07,10012.88,105,95.36
2020-08,10327.48,124,83.29
2020-09,12135.14,122,99.47
2020-10,12231.24,130,94.09
2020-11,11518.7,127,90.7
2020-12,12618.67,141,89.49
2021-01,11710.36,132,88.71
2021-02,12119.96,136,89.12
2021-03,11311.32,146,77.47
2021-04,14329.52,159,90.12
2021-05,14394.33,174,82.73
2021-06,13662.1,152,89.88
2021-07,15044.16,190,79.18
2021-08,18421.55,219,84.12
2021-09,20331.94,211,96.36
2021-10,22357.52,244,91.63
2021-11,17572.5,208,84.48
2021-12,18457.76,223,82.77
2022-01,20907.36,237,88.22
2022-02,18929.18,250,75.72
2022-03,19425.92,250,77.7
2022-04,21091.77,253,83.37
2022-05,25750.69,286,90.04
2022-06,23047.09,271,85.04
2022-07,23722.04,278,85.33
2022-08,27708.5,309,89.67
2022-09,22561.19,277,81.45
2022-10,25301.9,309,81.88
2022-11,29429.42,340,86.56
2022-12,33804.49,375,90.15
2023-01,33905.54,406,83.51
2023-02,26572,321,82.78
2023-03,33622.64,387,86.88
2023-04,33563.65,405,82.87
2023-05,33030.47,421,78.46
2023-06,32630.1,428,76.24
2023-07,38610.35,457,84.49
2023-08,49043.99,497,98.68
2023-09,42118.37,463,90.97
2023-10,44814.71,519,86.35
2023-11,44729.1,542,82.53
2023-12,41906.21,503,83.31
2024-01,48297.9,530,91.13
2024-02,43086.63,524,82.23
2024-03,49267.72,604,81.57
2024-04,57339.25,616,93.08
2024-05,53821.81,628,85.7
2024-06,57731.87,671,86.04
2024-07,61901.83,684,90.5
2024-08,65489.88,757,86.51
2024-09,66864.85,766,87.29
2024-10,69431.71,830,83.65
2024-11,69159.51,831,83.22
2024-12,76947.12,916,84
2025-01,82556.52,920,89.74
2025-02,76446.93,916,83.46
2025-03,88013.83,1041,84.55
2025-04,87229.54,1089,80.1
2025-05,103836.83,1223,84.9
2025-06,108412.33,1323,81.94
2025-07,132464.82,1586,83.52
2025-08,231246.62,2825,81.86
2025-09,17258.65,190,90.83
2025-07,1285,1,85,6.61
2025-07,1285,2,1,0.08
2025-08,2291,0,2291,100
2025-08,2291,1,141,6.15
2025-09,43,0,43,100

country,customers,orders,total_revenue,avg_item_price
China,9298,10547,907833.82,58.81
United States,6169,7061,614387.71,59.8
Brasil,4037,4625,401863.59,59.17
South Korea,1452,1667,148994.09,61.72
France,1287,1480,133646.34,61.7
Germany,1207,1335,118878.19,60.5
United Kingdom,1250,1433,116421.44,57.61
Spain,1156,1309,116211.43,61.59
Japan,677,766,63552.95,56.79
Australia,576,641,59214.07,63.88
Belgium,368,412,32835.95,55.19
Poland,76,86,7458.03,56.93
Colombia,9,10,1206.94,60.35

customer_type,number_of_customers,avg_lifetime_value,total_revenue_from_segment
One-time buyer,24117,86.98,2097616.29
Bought twice,3104,173.3,537934.67
Regular (3-5 orders),341,255,86953.59

month,revenue,prev_month_revenue,same_month_prev_year,month_over_month_growth,year_over_year_growth,simple_forecast_next_month
2025-09,17258.649970293045,231246.62021720409,66864.850012183189,-92.54,-74.19,18121.58
2025-08,231246.62021720409,132464.82011437416,65489.880140304565,74.57,253.1,242808.95
2025-07,132464.82011437416,108412.33001852036,61901.830011606216,22.19,113.99,139088.06
2025-06,108412.33001852036,103836.83017492294,57731.870047569275,4.41,87.79,113832.95
2025-05,103836.83017492294,87229.5400633812,53821.810059070587,19.04,92.93,109028.67
2025-04,87229.5400633812,88013.830064296722,57339.250030517578,-0.89,52.13,91591.02
2025-03,88013.830064296722,76446.930065155029,49267.720074892044,15.13,78.64,92414.52
2025-02,76446.930065155029,82556.5200099945,43086.630058526993,-7.4,77.43,80269.28
2025-01,82556.5200099945,76947.120051860809,48297.900043725967,7.29,70.93,86684.35
2024-12,76947.120051860809,69159.510069608688,41906.209990501404,11.26,83.62,80794.48
2024-11,69159.510069608688,69431.710076332092,44729.100086230785,-0.39,54.62,72617.49
2024-10,69431.710076332092,66864.850012183189,44814.710005283356,3.84,54.93,72903.3


churn_segment,customers,avg_days_since_last_order,avg_orders_per_customer,avg_lifetime_value,segment_revenue
Active (0-30 days),2695,10.9,1.2,105.1,283232.54
At Risk (31-90 days),2613,59.2,1.2,100.27,261996.66
Churning (91-180 days),2971,133.6,1.2,101.82,302515.95
Churned (180+ days),19283,779.9,1.1,97.22,1874759.4

category,brand,total_revenue,units_sold,avg_price
Jeans,7 For All Mankind,41322.13,262,157.72
Jeans,True Religion,30729.38,131,234.58
Jeans,Diesel,26347.59,133,198.1
Jeans,Joe's Jeans,25537.83,159,160.62
Outerwear & Coats,Carhartt,23755.19,188,126.36
Accessories,Ray-Ban,18991.33,163,116.51
Outerwear & Coats,Arc'teryx,17691,47,376.4
Outerwear & Coats,The North Face,16285.44,34,478.98
Swim,Speedo,15569.16,298,52.25
Accessories,Oakley,14595.28,110,132.68
Outerwear & Coats,Columbia,14021.77,131,107.04
Suits & Sport Coats,Tommy Hilfiger,13985.93,76,184.03
Outerwear & Coats,Mountain Hardwear,13749.89,69,199.27
Jeans,Wrangler,11853.61,255,46.48
Suits & Sport Coats,Paul Fredrick,11641.5,47,247.69
Suits & Sport Coats,Joseph Abboud,11551.27,50,231.03
Jeans,Not Your Daughter's Jeans,11120.98,108,102.97
Jeans,Lucky Brand,10719.09,125,85.75
Swim,Quiksilver,9677.82,176,54.99
Jeans,Levi's,9671.75,204,47.41
Outerwear & Coats,Canada Goose,9475,16,592.19
Jeans,AG Adriano Goldschmied,9447.46,56,168.7
Jeans,Hudson,8610.67,49,175.73
Pants,Dockers,8554.09,168,50.92
Dresses,BCBGMAXAZRIA,8214.97,39,210.64
Outerwear & Coats,Calvin Klein,7961.31,61,130.51
Jeans,Rock Revival,7926.5,57,139.06
Sleep & Lounge,HUGO BOSS,7896.71,115,68.67
Maternity,Motherhood Maternity,7571.2,242,31.29
Outerwear & Coats,Woolrich,7362.1,38,193.74

